[Normalization]
mean_delay = 1.984010379134166
std_delay = 2.4741125617604633
mean_traffic = 0.1403419014379426
std_traffic = 0.12779650403673745

